<version>: ok_faster

ibm01:	1.95036e+07				0.419s
ibm02:	2.98761e+07				0.660s
ibm05:	425706					0.987s
ibm07:	9.26371e+07				1.394s
ibm08:	1.00600e+08				1.569s
ibm09:	1.34682e+08				1.627s

<version>: ok

ibm01:	3.01243e+07				0.772s
ibm02:	4.93045e+07				1.696s
ibm05:	433829					2.508s
ibm07:	1.46242e+08				6.440s
ibm08:	1.64984e+08				9.636s
ibm09:	1.78834e+08				9.419s
